[gd_scene load_steps=2 format=2]

[ext_resource path="res://assets/models/boar/boar.glb" type="PackedScene" id=1]

[node name="boar" instance=ExtResource( 1 )]
transform = Transform( -1.35, 0, -1.18021e-07, 0, 1.35, 0, 1.18021e-07, 0, -1.35, 0, 0, 0 )

[node name="BoneAttachment" parent="rig/Skeleton" index="0"]
transform = Transform( 1, -3.38735e-13, -2.38419e-07, -1.08993e-07, 0.889389, -0.457151, 2.12047e-07, 0.457151, 0.889389, -2.15179e-10, 6.31533, 0.238549 )

[node name="BoneAttachment2" parent="rig/Skeleton" index="1"]
transform = Transform( 1, -3.38735e-13, -2.38419e-07, -1.08993e-07, 0.889389, -0.457151, 2.12047e-07, 0.457151, 0.889389, -2.15179e-10, 6.31533, 0.238549 )

[node name="BoneAttachment3" parent="rig/Skeleton" index="2"]
transform = Transform( 1, -3.38735e-13, -2.38419e-07, -1.08993e-07, 0.889389, -0.457151, 2.12047e-07, 0.457151, 0.889389, -2.15179e-10, 6.31533, 0.238549 )

[node name="BoneAttachment4" parent="rig/Skeleton" index="3"]
transform = Transform( 1, -3.38735e-13, -2.38419e-07, -1.08993e-07, 0.889389, -0.457151, 2.12047e-07, 0.457151, 0.889389, -2.15179e-10, 6.31533, 0.238549 )

[node name="BoneAttachment5" parent="rig/Skeleton" index="4"]
transform = Transform( 1, -3.38735e-13, -2.38419e-07, -1.08993e-07, 0.889389, -0.457151, 2.12047e-07, 0.457151, 0.889389, -2.15179e-10, 6.31533, 0.238549 )

[node name="BoneAttachment6" parent="rig/Skeleton" index="5"]
transform = Transform( -0.133298, 0.00361206, -0.991069, -0.986545, -0.0959965, 0.132339, -0.0946613, 0.995375, 0.0163596, 1.60576, 3.7171, 1.1855 )

[node name="BoneAttachment7" parent="rig/Skeleton" index="6"]
transform = Transform( -0.0997574, 0.234044, 0.967094, 0.941472, -0.292325, 0.167859, 0.321993, 0.927237, -0.191184, -1.77905, 3.49873, 1.55178 )

[node name="AnimationPlayer" parent="." index="2"]
autoplay = "Idle"
